   state        u  pWin
[  0   1  10]   1 0.7201
[ -2  -2  -2]   1 0.0000
[ -3  -3  -3]   1 1.0000
[  0   2  10]   2 0.6429
[  1   2   9]   2 0.6695
[  2   2   8]   2 0.6916
[  3   2   7]   1 0.7123
[  4   2   6]   1 0.7505
[  5   2   5]   1 0.7848
[  6   2   4]   1 0.8084
[  7   2   3]   1 0.8207
[  8   2   2]   1 0.8274
[  9   2   1]   1 0.8349
[ 10   1  10]   1 0.8018
[ 11   1  10]   1 0.8216
[ 12   1  10]   1 0.8385
[ 13   1  10]   1 0.8506
[ 14   1  10]   1 0.8579
[ 15   1  10]   1 0.8614
[ 16   1  10]   1 0.8629
[ 17   1  10]   1 0.8633
[ 18   1  10]   1 0.8634
[ 19   1  10]   1 0.8634
[ 20   1  10]   1 0.8634
[ 21   1  10]   1 0.8977
[ 22   1  10]   1 0.9317
[ 23   1  10]   1 0.9608
[ 24   1  10]   1 0.9813
[ 25   1  10]   1 0.9927
[ 26   1  10]   1 0.9977
[ 27   1  10]   1 0.9995
[ 28   1  10]   1 0.9999
[ 29   1  10]   1 1.0000
[ 16   2  10]   2 0.7707
[ 17   2   9]   2 0.8003
[ 18   2   8]   2 0.8231
[ 19   2   7]   1 0.8511
[ 20   2   6]   1 0.9024
[ 21   2   5]   1 0.9480
[ 22   2   4]   1 0.9784
[ 23   2   3]   1 0.9929
[ 24   2   2]   1 0.9980
[ 25   2   1]   1 0.9994
[ 22   3   4]   1 0.8576
[ 23   3   3]   1 0.9372
[ 24   3   2]   1 0.9819
[ 25   3   1]   1 0.9970
[ 24   4   2]   1 0.8002
[ 25   4   1]   1 0.9497
[ 29   2  10]   1 0.9999
[ 29   3  10]   1 0.9975
[ 29   4  10]   1 0.9502
[ 28   2  10]   1 0.9988
[ 29   2   9]   1 0.9999
[ 28   3  10]   1 0.9826
[ 29   3   9]   1 0.9975
[ 29   4   9]   1 0.9502
[ 28   4  10]   1 0.8009
[ 26   2  10]   1 0.9792
[ 27   2   9]   1 0.9938
[ 28   2   8]   1 0.9988
[ 29   2   7]   1 0.9999
[ 26   3  10]   1 0.8583
[ 27   3   9]   1 0.9380
[ 28   3   8]   1 0.9826
[ 29   3   7]   1 0.9975
[ 28   4   8]   1 0.8009
[ 29   4   7]   1 0.9502
[ 27   4   9]   1 0.5768
[ 26   4  10]   2 0.5443
[ 27   2  10]   1 0.9938
[ 28   2   9]   1 0.9988
[ 29   2   8]   1 0.9999
[ 29   3   8]   1 0.9975
[ 29   4   8]   1 0.9502
[ 27   3  10]   1 0.9380
[ 28   3   9]   1 0.9826
[ 28   4   9]   1 0.8009
[ 27   4  10]   1 0.5768
[ 23   4   3]   1 0.5762
[ 22   4   4]   2 0.5443
[ 19   3   7]   2 0.7282
[ 20   3   6]   2 0.7495
[ 21   3   5]   2 0.7615
[ 20   4   6]   2 0.5130
[ 21   4   5]   2 0.5338
[ 19   4   7]   2 0.4783
[ 18   3   8]   2 0.6956
[ 18   4   8]   2 0.4287
[ 16   3  10]   2 0.5985
[ 17   3   9]   2 0.6516
[ 16   4  10]   2 0.2979
[ 17   4   9]   2 0.3668
[  8   3   2]   1 0.8140
[  9   3   1]   1 0.8330
[ 23   2  10]   1 0.8516
[ 24   2   9]   1 0.9031
[ 25   2   8]   1 0.9488
[ 26   2   7]   1 0.9792
[ 27   2   6]   1 0.9938
[ 28   2   5]   1 0.9988
[ 29   2   4]   1 0.9999
[ 28   3   5]   1 0.9826
[ 29   3   4]   1 0.9975
[ 29   4   4]   1 0.9502
[ 28   4   5]   1 0.8009
[ 23   3  10]   2 0.7285
[ 24   3   9]   2 0.7497
[ 25   3   8]   2 0.7616
[ 26   3   7]   1 0.8583
[ 27   3   6]   1 0.9380
[ 25   4   8]   2 0.5339
[ 26   4   7]   2 0.5443
[ 27   4   6]   1 0.5768
[ 24   4   9]   2 0.5131
[ 23   4  10]   2 0.4784
[  8   4   2]   1 0.6625
[  9   4   1]   1 0.7935
[ 15   2  10]   2 0.7694
[ 16   2   9]   2 0.7991
[ 17   2   8]   2 0.8221
[ 18   2   7]   1 0.8498
[ 19   2   6]   1 0.9007
[ 20   2   5]   1 0.9459
[ 21   2   4]   1 0.9762
[ 22   2   3]   1 0.9907
[ 23   2   2]   1 0.9961
[ 24   2   1]   1 0.9980
[ 20   3   5]   2 0.7612
[ 21   3   4]   1 0.8556
[ 22   3   3]   1 0.9351
[ 23   3   2]   1 0.9800
[ 24   3   1]   1 0.9957
[ 20   4   5]   2 0.5336
[ 21   4   4]   2 0.5442
[ 22   4   3]   1 0.5747
[ 23   4   2]   1 0.7986
[ 24   4   1]   1 0.9485
[ 25   2  10]   1 0.9488
[ 26   2   9]   1 0.9792
[ 27   2   8]   1 0.9938
[ 28   2   7]   1 0.9988
[ 29   2   6]   1 0.9999
[ 25   3  10]   2 0.7616
[ 26   3   9]   1 0.8583
[ 27   3   8]   1 0.9380
[ 28   3   7]   1 0.9826
[ 29   3   6]   1 0.9975
[ 28   4   7]   1 0.8009
[ 29   4   6]   1 0.9502
[ 27   4   8]   1 0.5768
[ 26   4   9]   2 0.5443
[ 25   4  10]   2 0.5339
[ 18   3   7]   2 0.7276
[ 19   3   6]   2 0.7490
[ 19   4   6]   2 0.5127
[ 18   4   7]   2 0.4779
[ 17   3   8]   2 0.6948
[ 17   4   8]   2 0.4282
[ 16   3   9]   2 0.6507
[ 16   4   9]   2 0.3663
[ 15   3  10]   2 0.5976
[ 15   4  10]   2 0.2975
[ 22   2  10]   2 0.8235
[ 23   2   9]   1 0.8516
[ 24   2   8]   1 0.9031
[ 25   2   7]   1 0.9488
[ 26   2   6]   1 0.9792
[ 27   2   5]   1 0.9938
[ 28   2   4]   1 0.9988
[ 29   2   3]   1 0.9999
[ 24   3   8]   2 0.7497
[ 25   3   7]   2 0.7616
[ 26   3   6]   1 0.8583
[ 27   3   5]   1 0.9380
[ 28   3   4]   1 0.9826
[ 29   3   3]   1 0.9975
[ 24   4   8]   2 0.5131
[ 25   4   7]   2 0.5339
[ 26   4   6]   2 0.5443
[ 27   4   5]   1 0.5768
[ 28   4   4]   1 0.8009
[ 29   4   3]   1 0.9502
[ 23   3   9]   2 0.7285
[ 23   4   9]   2 0.4784
[ 22   3  10]   2 0.6959
[ 22   4  10]   2 0.4289
[ 21   2  10]   2 0.8007
[ 22   2   9]   2 0.8235
[ 23   2   8]   1 0.8516
[ 24   2   7]   1 0.9031
[ 25   2   6]   1 0.9488
[ 26   2   5]   1 0.9792
[ 27   2   4]   1 0.9938
[ 28   2   3]   1 0.9988
[ 29   2   2]   1 0.9999
[ 26   3   5]   1 0.8583
[ 27   3   4]   1 0.9380
[ 28   3   3]   1 0.9826
[ 29   3   2]   1 0.9975
[ 26   4   5]   2 0.5443
[ 27   4   4]   1 0.5768
[ 28   4   3]   1 0.8009
[ 29   4   2]   1 0.9502
[ 22   3   9]   2 0.6959
[ 23   3   8]   2 0.7285
[ 24   3   7]   2 0.7497
[ 25   3   6]   2 0.7616
[ 23   4   8]   2 0.4784
[ 24   4   7]   2 0.5131
[ 25   4   6]   2 0.5339
[ 22   4   9]   2 0.4289
[ 21   3  10]   2 0.6520
[ 21   4  10]   2 0.3669
[ 19   2  10]   2 0.7712
[ 20   2   9]   2 0.8007
[ 21   2   8]   2 0.8235
[ 22   2   7]   1 0.8516
[ 23   2   6]   1 0.9031
[ 24   2   5]   1 0.9488
[ 25   2   4]   1 0.9792
[ 26   2   3]   1 0.9938
[ 27   2   2]   1 0.9988
[ 28   2   1]   1 0.9999
[ 22   3   7]   2 0.7285
[ 23   3   6]   2 0.7497
[ 24   3   5]   2 0.7616
[ 25   3   4]   1 0.8583
[ 26   3   3]   1 0.9380
[ 27   3   2]   1 0.9826
[ 28   3   1]   1 0.9975
[ 28   4   1]   1 0.9502
[ 26   4   3]   1 0.5768
[ 27   4   2]   1 0.8009
[ 22   4   7]   2 0.4784
[ 23   4   6]   2 0.5131
[ 24   4   5]   2 0.5339
[ 25   4   4]   2 0.5443
[ 20   3   9]   2 0.6520
[ 21   3   8]   2 0.6959
[ 20   4   9]   2 0.3669
[ 21   4   8]   2 0.4289
[ 19   3  10]   2 0.5989
[ 19   4  10]   2 0.2981
[ 14   2  10]   2 0.7662
[ 15   2   9]   2 0.7962
[ 16   2   8]   2 0.8196
[ 17   2   7]   1 0.8465
[ 18   2   6]   1 0.8965
[ 19   2   5]   1 0.9410
[ 20   2   4]   1 0.9708
[ 21   2   3]   1 0.9854
[ 22   2   2]   1 0.9913
[ 23   2   1]   1 0.9946
[ 23   3   1]   1 0.9922
[ 23   4   1]   1 0.9452
[ 24   2  10]   1 0.9031
[ 25   2   9]   1 0.9488
[ 26   2   8]   1 0.9792
[ 27   2   7]   1 0.9938
[ 28   2   6]   1 0.9988
[ 29   2   5]   1 0.9999
[ 25   3   9]   2 0.7616
[ 26   3   8]   1 0.8583
[ 27   3   7]   1 0.9380
[ 28   3   6]   1 0.9826
[ 29   3   5]   1 0.9975
[ 29   4   5]   1 0.9502
[ 26   4   8]   2 0.5443
[ 27   4   7]   1 0.5768
[ 28   4   6]   1 0.8009
[ 25   4   9]   2 0.5339
[ 24   3  10]   2 0.7497
[ 24   4  10]   2 0.5131
[ 22   3   2]   1 0.9753
[ 22   4   2]   1 0.7946
[ 21   3   3]   1 0.9300
[ 21   4   3]   1 0.5711
[ 20   3   4]   1 0.8509
[ 20   4   4]   2 0.5439
[ 15   3   9]   2 0.6484
[ 16   3   8]   2 0.6927
[ 17   3   7]   2 0.7259
[ 18   3   6]   2 0.7478
[ 19   3   5]   2 0.7604
[ 16   4   8]   2 0.4270
[ 17   4   7]   2 0.4768
[ 18   4   6]   2 0.5119
[ 19   4   5]   2 0.5331
[ 15   4   9]   2 0.3650
[ 14   3  10]   2 0.5952
[ 14   4  10]   2 0.2962
[ 20   2  10]   2 0.7712
[ 21   2   9]   2 0.8007
[ 22   2   8]   2 0.8235
[ 23   2   7]   1 0.8516
[ 24   2   6]   1 0.9031
[ 25   2   5]   1 0.9488
[ 26   2   4]   1 0.9792
[ 27   2   3]   1 0.9938
[ 28   2   2]   1 0.9988
[ 29   2   1]   1 0.9999
[ 23   3   7]   2 0.7285
[ 24   3   6]   2 0.7497
[ 25   3   5]   2 0.7616
[ 26   3   4]   1 0.8583
[ 27   3   3]   1 0.9380
[ 28   3   2]   1 0.9826
[ 29   3   1]   1 0.9975
[ 26   4   4]   2 0.5443
[ 27   4   3]   1 0.5768
[ 28   4   2]   1 0.8009
[ 29   4   1]   1 0.9502
[ 23   4   7]   2 0.4784
[ 24   4   6]   2 0.5131
[ 25   4   5]   2 0.5339
[ 20   3  10]   2 0.5989
[ 21   3   9]   2 0.6520
[ 22   3   8]   2 0.6959
[ 22   4   8]   2 0.4289
[ 21   4   9]   2 0.3669
[ 20   4  10]   2 0.2981
[ 11   2  10]   2 0.7337
[ 12   2   9]   2 0.7650
[ 13   2   8]   2 0.7917
[ 14   2   7]   1 0.8131
[ 15   2   6]   1 0.8549
[ 16   2   5]   1 0.8925
[ 17   2   4]   1 0.9188
[ 18   2   3]   1 0.9329
[ 19   2   2]   1 0.9421
[ 20   2   1]   1 0.9542
[ 15   3   6]   2 0.7323
[ 16   3   5]   2 0.7493
[ 17   3   4]   1 0.8066
[ 18   3   3]   1 0.8803
[ 19   3   2]   1 0.9267
[ 20   3   1]   1 0.9520
[ 16   4   5]   2 0.5256
[ 17   4   4]   2 0.5389
[ 18   4   3]   2 0.5453
[ 19   4   2]   1 0.7537
[ 20   4   1]   1 0.9068
[ 15   4   6]   2 0.5018
[ 14   3   7]   2 0.7062
[ 14   4   7]   2 0.4645
[ 13   3   8]   2 0.6698
[ 13   4   8]   2 0.4135
[ 11   3  10]   2 0.5708
[ 12   3   9]   2 0.6239
[ 12   4   9]   2 0.3514
[ 11   4  10]   2 0.2838
[ 18   2  10]   2 0.7711
[ 19   2   9]   2 0.8007
[ 20   2   8]   2 0.8235
[ 21   2   7]   1 0.8516
[ 22   2   6]   1 0.9031
[ 23   2   5]   1 0.9488
[ 24   2   4]   1 0.9792
[ 25   2   3]   1 0.9937
[ 26   2   2]   1 0.9987
[ 27   2   1]   1 0.9999
[ 24   3   4]   1 0.8583
[ 25   3   3]   1 0.9380
[ 26   3   2]   1 0.9826
[ 27   3   1]   1 0.9975
[ 25   4   3]   1 0.5768
[ 26   4   2]   1 0.8008
[ 27   4   1]   1 0.9502
[ 24   4   4]   2 0.5443
[ 22   3   6]   2 0.7497
[ 23   3   5]   2 0.7616
[ 22   4   6]   2 0.5131
[ 23   4   5]   2 0.5339
[ 19   3   9]   2 0.6520
[ 20   3   8]   2 0.6959
[ 21   3   7]   2 0.7285
[ 20   4   8]   2 0.4289
[ 21   4   7]   2 0.4784
[ 19   4   9]   2 0.3669
[ 18   3  10]   2 0.5989
[ 18   4  10]   2 0.2981
[ 13   2  10]   2 0.7598
[ 14   2   9]   2 0.7901
[ 15   2   8]   2 0.8143
[ 16   2   7]   1 0.8398
[ 17   2   6]   1 0.8880
[ 18   2   5]   1 0.9310
[ 19   2   4]   1 0.9601
[ 20   2   3]   1 0.9747
[ 21   2   2]   1 0.9816
[ 22   2   1]   1 0.9871
[ 15   3   8]   2 0.6884
[ 16   3   7]   2 0.7223
[ 17   3   6]   2 0.7451
[ 18   3   5]   2 0.7585
[ 19   3   4]   1 0.8415
[ 20   3   3]   1 0.9197
[ 21   3   2]   1 0.9657
[ 22   3   1]   1 0.9848
[ 22   4   1]   1 0.9381
[ 19   4   4]   2 0.5431
[ 20   4   3]   1 0.5640
[ 21   4   2]   1 0.7864
[ 16   4   7]   2 0.4746
[ 17   4   6]   2 0.5102
[ 18   4   5]   2 0.5319
[ 15   4   8]   2 0.4245
[ 13   3  10]   2 0.5903
[ 14   3   9]   2 0.6436
[ 14   4   9]   2 0.3624
[ 13   4  10]   2 0.2938
[ 10   2  10]   2 0.7150
[ 11   2   9]   2 0.7466
[ 12   2   8]   2 0.7743
[ 13   2   7]   2 0.7977
[ 14   2   6]   1 0.8321
[ 15   2   5]   1 0.8663
[ 16   2   4]   1 0.8906
[ 17   2   3]   1 0.9041
[ 18   2   2]   1 0.9140
[ 19   2   1]   1 0.9288
[ 19   3   1]   1 0.9267
[ 19   4   1]   1 0.8827
[ 14   3   6]   2 0.7213
[ 15   3   5]   2 0.7407
[ 16   3   4]   1 0.7842
[ 17   3   3]   1 0.8536
[ 18   3   2]   1 0.8990
[ 15   4   5]   2 0.5197
[ 16   4   4]   2 0.5346
[ 17   4   3]   2 0.5425
[ 18   4   2]   1 0.7308
[ 14   4   6]   2 0.4945
[ 11   3   9]   2 0.6094
[ 12   3   8]   2 0.6557
[ 13   3   7]   2 0.6932
[ 13   4   7]   2 0.4563
[ 11   4   9]   2 0.3432
[ 12   4   8]   2 0.4049
[ 10   3  10]   2 0.5570
[ 10   4  10]   2 0.2765
[ 17   2  10]   2 0.7711
[ 18   2   9]   2 0.8006
[ 19   2   8]   2 0.8234
[ 20   2   7]   1 0.8515
[ 21   2   6]   1 0.9030
[ 22   2   5]   1 0.9486
[ 23   2   4]   1 0.9791
[ 24   2   3]   1 0.9936
[ 25   2   2]   1 0.9986
[ 26   2   1]   1 0.9998
[ 17   3  10]   2 0.5988
[ 18   3   9]   2 0.6519
[ 19   3   8]   2 0.6959
[ 20   3   7]   2 0.7284
[ 21   3   6]   2 0.7496
[ 22   3   5]   2 0.7615
[ 23   3   4]   1 0.8582
[ 24   3   3]   1 0.9379
[ 25   3   2]   1 0.9825
[ 26   3   1]   1 0.9974
[ 19   4   8]   2 0.4288
[ 20   4   7]   2 0.4784
[ 21   4   6]   2 0.5131
[ 22   4   5]   2 0.5339
[ 23   4   4]   2 0.5443
[ 24   4   3]   1 0.5767
[ 25   4   2]   1 0.8007
[ 26   4   1]   1 0.9501
[ 17   4  10]   2 0.2981
[ 18   4   9]   2 0.3669
[ 12   2  10]   2 0.7489
[ 13   2   9]   2 0.7798
[ 14   2   8]   2 0.8051
[ 15   2   7]   1 0.8285
[ 16   2   6]   1 0.8740
[ 17   2   5]   1 0.9147
[ 18   2   4]   1 0.9426
[ 19   2   3]   1 0.9571
[ 20   2   2]   1 0.9652
[ 21   2   1]   1 0.9739
[ 20   3   2]   1 0.9495
[ 21   3   1]   1 0.9716
[ 21   4   1]   1 0.9255
[ 20   4   2]   1 0.7728
[ 12   3  10]   2 0.5821
[ 13   3   9]   2 0.6354
[ 14   3   8]   2 0.6808
[ 15   3   7]   2 0.7159
[ 16   3   6]   2 0.7401
[ 17   3   5]   2 0.7551
[ 18   3   4]   1 0.8262
[ 19   3   3]   1 0.9029
[ 13   4   9]   2 0.3579
[ 14   4   8]   2 0.4201
[ 15   4   7]   2 0.4706
[ 16   4   6]   2 0.5069
[ 17   4   5]   2 0.5296
[ 18   4   4]   2 0.5416
[ 19   4   3]   1 0.5526
[ 12   4  10]   2 0.2896
[  1   3   9]   2 0.5457
[  2   3   8]   2 0.5850
[  3   3   7]   2 0.6157
[  4   3   6]   2 0.6376
[  5   3   5]   2 0.6521
[  6   3   4]   1 0.7092
[  7   3   3]   1 0.7744
[  6   4   4]   2 0.4696
[  7   4   3]   2 0.4768
[  3   4   7]   2 0.4049
[  4   4   6]   2 0.4368
[  5   4   5]   2 0.4574
[  1   4   9]   2 0.3073
[  2   4   8]   2 0.3609
[  0   3  10]   2 0.4999
[  0   4  10]   2 0.2486
[ -4  -4  -4]   1 0.0000
