276 21 3 3
194 28 2 3
249 19 2 5
453 18 3 9
254 23 3 1
315 25 4 5
357 23 2 5
211 22 4 9
401 19 4 4
195 29 2 2
404 16 4 7
334 17 3 4
139 26 2 9
455 20 3 7
31 28 1 10
496 15 4 7
54 28 3 10
42 25 2 1
447 22 2 5
400 22 4 1
259 27 2 7
415 13 2 7
165 24 2 8
403 21 4 2
406 18 4 5
504 3 3 7
78 27 4 10
137 24 4 1
207 25 3 6
76 28 3 9
257 25 2 9
377 20 4 8
266 29 3 5
490 16 3 6
346 13 3 8
250 20 2 4
509 6 4 4
32 29 1 10
109 26 3 7
213 21 4 10
158 17 4 8
233 27 4 2
429 15 4 5
114 24 4 9
38 21 2 5
230 28 3 1
248 18 2 6
486 12 3 10
232 26 4 3
197 27 3 4
110 27 3 6
52 28 2 10
244 14 2 10
374 19 3 9
330 19 2 2
94 9 3 1
205 23 3 8
327 16 2 5
494 13 4 9
79 23 4 3
274 22 3 2
517 0 4 10
311 28 4 2
328 17 2 4
171 24 3 8
4 1 2 9
300 28 2 2
323 12 2 9
29 26 1 10
214 19 2 10
380 18 3 10
468 25 4 2
319 22 4 8
395 18 3 5
288 19 4 5
170 29 2 3
497 16 4 6
324 13 2 8
258 26 2 8
278 20 3 4
57 28 4 10
212 21 3 10
326 15 2 6
291 14 4 10
450 25 2 2
513 5 4 5
428 18 3 2
6 3 2 7
152 25 4 10
39 22 2 4
193 27 2 4
413 11 2 9
277 21 4 3
499 18 4 4
360 26 2 2
304 25 3 5
350 12 4 9
265 28 3 6
506 5 3 5
30 27 1 10
118 15 2 10
138 25 2 10
463 20 4 7
103 29 3 4
189 23 2 8
393 16 3 7
445 20 2 7
397 20 3 3
425 15 3 5
92 17 4 9
310 27 4 3
343 15 4 6
177 24 4 8
446 21 2 6
344 14 3 7
387 18 2 5
5 2 2 8
451 26 2 1
264 27 3 7
436 13 3 7
348 11 3 10
27 24 1 10
263 26 3 8
132 24 3 1
100 28 2 5
383 14 2 9
479 19 2 3
267 29 4 5
424 14 3 6
418 16 2 4
69 26 4 10
448 23 2 4
466 23 4 4
101 29 2 4
98 26 2 7
518 -4 -4 -4
417 15 2 5
231 28 4 1
477 17 2 5
107 24 3 9
483 21 3 1
93 8 3 2
1 -2 -2 -2
44 23 3 3
366 25 4 3
28 25 1 10
155 19 4 6
338 16 4 5
473 13 2 9
43 22 3 4
41 24 2 2
77 28 4 9
317 21 3 9
475 15 2 7
367 26 4 2
0 0 1 10
359 25 2 3
176 29 3 3
335 18 3 3
125 22 2 3
135 22 4 3
168 27 2 5
452 17 3 10
256 24 2 10
412 10 2 10
505 4 3 6
156 18 4 7
515 2 4 8
201 27 4 4
209 24 4 7
227 25 3 4
146 28 3 7
51 29 4 10
84 20 4 6
164 23 2 9
426 16 3 4
37 20 2 6
461 26 3 1
241 21 4 8
405 17 4 6
154 19 3 6
438 11 4 9
355 21 2 7
116 8 4 2
203 29 4 2
478 18 2 4
435 12 3 8
200 26 4 5
399 22 3 1
253 23 2 1
127 24 2 1
144 26 3 9
303 24 3 6
169 28 2 4
474 14 2 8
501 12 4 10
106 23 3 10
385 16 2 7
3 0 2 10
373 23 4 5
261 29 2 5
70 27 2 10
167 26 2 6
386 17 2 6
444 19 2 8
50 29 3 10
492 18 3 4
131 23 3 2
437 13 4 7
186 22 4 10
86 19 4 7
17 14 1 10
430 16 4 4
382 13 2 10
457 22 3 5
219 24 2 5
66 28 4 8
221 26 2 3
239 21 3 8
493 19 3 3
2 -3 -3 -3
242 19 3 10
222 27 2 2
220 25 2 4
199 29 3 2
63 27 3 9
111 25 4 8
252 22 2 2
275 22 4 2
90 17 3 9
482 20 3 2
316 20 3 10
484 21 4 1
287 18 4 6
15 12 1 10
180 27 4 5
314 24 4 6
363 25 3 3
175 28 3 4
329 18 2 3
133 20 4 5
12 9 2 1
218 23 2 6
333 16 3 5
163 22 2 10
331 20 2 1
18 15 1 10
364 26 3 2
320 21 4 9
489 15 3 7
286 17 4 7
226 24 3 5
407 15 4 8
351 11 4 10
182 29 4 3
349 12 3 9
309 26 4 4
215 20 2 9
148 28 4 7
16 13 1 10
62 26 3 10
206 24 3 7
141 28 2 7
325 14 2 7
345 14 4 7
216 21 2 8
421 19 2 1
8 5 2 5
371 23 3 5
476 16 2 6
245 15 2 9
235 23 4 6
142 29 2 6
192 26 2 5
10 7 2 3
471 18 4 9
247 17 2 7
376 21 3 7
472 12 2 10
353 19 2 9
55 29 3 9
302 23 3 7
89 16 3 10
48 25 4 1
465 22 4 5
510 7 4 3
299 27 2 3
370 22 3 6
358 24 2 4
223 28 2 1
143 25 3 10
336 19 3 2
352 18 2 10
297 25 2 5
13 10 1 10
308 29 3 1
145 27 3 8
271 25 4 9
391 22 2 1
40 23 2 3
488 14 3 8
449 24 2 3
462 19 4 8
157 17 3 8
464 21 4 6
414 12 2 8
113 27 4 6
64 28 3 8
236 24 4 5
460 25 3 2
102 28 3 5
74 29 4 8
420 18 2 2
119 16 2 9
279 20 4 4
295 23 2 7
188 22 2 9
9 6 2 4
120 17 2 8
228 26 3 3
332 15 3 6
339 17 4 4
289 15 4 9
481 21 2 1
112 26 4 7
14 11 1 10
91 16 4 10
354 20 2 8
270 28 4 6
362 24 3 4
260 28 2 6
416 14 2 6
514 1 4 9
433 14 4 6
293 21 2 9
122 19 2 6
409 14 3 9
210 25 4 6
313 23 4 7
516 0 3 10
61 29 2 7
140 27 2 8
282 17 3 7
298 26 2 4
88 18 4 8
25 22 1 10
456 21 3 6
73 29 3 8
283 18 3 6
441 10 4 10
80 22 4 4
423 19 4 1
128 20 3 5
190 24 2 7
104 29 4 4
262 25 3 9
284 19 3 5
443 18 2 9
191 25 2 6
508 7 3 3
379 19 4 9
305 26 3 4
375 20 3 8
378 21 4 7
507 6 3 4
11 8 2 2
26 23 1 10
269 27 4 7
369 24 4 4
46 25 3 1
307 28 3 2
56 29 4 9
246 16 2 8
365 27 3 1
208 23 4 8
402 20 4 3
306 27 3 3
294 22 2 8
389 20 2 3
34 17 2 9
71 28 2 9
498 17 4 5
162 15 4 10
390 21 2 2
312 29 4 1
411 13 4 10
179 26 4 6
72 29 2 8
160 16 4 9
512 4 4 6
318 22 3 8
7 4 2 6
105 28 4 5
337 20 3 1
280 15 3 9
187 21 2 10
36 19 2 7
458 23 3 4
290 14 3 10
178 25 4 7
59 27 2 9
394 17 3 6
83 21 3 5
503 2 3 8
410 14 4 9
398 21 3 2
153 18 3 7
281 16 3 8
217 22 2 7
161 15 3 10
23 20 1 10
126 23 2 2
234 22 4 7
341 19 4 2
21 18 1 10
361 27 2 1
322 11 2 10
296 24 2 6
340 18 4 3
150 27 4 8
467 24 4 3
108 25 3 8
396 19 3 4
35 18 2 8
166 25 2 7
321 20 4 10
65 29 3 7
75 27 3 10
408 13 3 10
243 19 4 10
511 3 4 7
196 26 3 5
238 20 3 9
134 21 4 4
470 17 4 10
439 12 4 8
198 28 3 3
469 26 4 1
184 23 4 9
24 21 1 10
485 20 4 2
229 27 3 2
434 11 3 9
480 20 2 2
22 19 1 10
442 17 2 10
45 24 3 2
502 1 3 9
60 28 2 8
251 21 2 3
149 29 4 6
151 26 4 9
255 23 4 1
53 29 2 9
285 16 4 8
204 22 3 9
292 20 2 10
181 28 4 4
272 24 3 10
392 15 3 8
19 16 1 10
454 19 3 8
388 19 2 4
87 18 3 8
225 23 3 6
237 25 4 4
427 17 3 3
130 22 3 3
301 29 2 1
491 17 3 5
58 26 2 10
82 20 3 6
381 18 4 10
129 21 3 4
440 10 3 10
495 14 4 8
159 16 3 9
356 22 2 6
372 22 4 6
500 19 4 3
99 27 2 6
96 24 2 9
432 18 4 2
68 27 4 9
20 17 1 10
47 24 4 2
172 25 3 7
81 19 3 7
97 25 2 8
240 20 4 9
147 29 3 6
95 23 2 10
487 13 3 9
123 20 2 5
117 9 4 1
422 19 3 1
173 26 3 6
85 21 4 5
368 27 4 1
273 24 4 10
124 21 2 4
384 15 2 8
121 18 2 7
33 16 2 10
115 23 4 10
342 20 4 1
174 27 3 5
224 22 3 7
459 24 3 3
431 17 4 3
67 29 4 7
183 23 3 9
347 13 4 8
268 26 4 8
136 23 4 2
49 29 2 10
185 22 3 10
202 28 4 3
419 17 2 3
